> start 0
1.0000000000
0.0012249707
0.0008633920
0.0012570912
0.0013360175
0.0013558189
0.0014794619
0.0007601287
0.0004172171
0.0024761681
0.0044996366
0.0019357816
0.0019071231
0.0048334068
0.0024221584
0.0043914040
0.0014767938
0.0173453993
0.0259441201
0.0743200796
0.0861593355
0.0228749237
0.0020365537
0.0329761853
0.1915535499
0.0480644172
0.0522556988
0.0055040967
0.0274894260
0.0250675206
0.0616179492
0.0384696692
0.0631362131
0.1692457969
0.1896099671
0.0320163685
0.0778040554
0.0032254213
0.2771687824
0.0523627294
0.0114763277
0.0556127873
0.0672224060
0.0504624200
0.0172918397
0.0382020231
0.0146475709
0.0113231501
0.0275191633
0.0044411593
0.0190436341
0.2468238157
0.0578633366
0.0593809517
0.0067941565
0.1224839966
0.0564907747
0.0268100628
0.0541758497
0.0596991955
0.0309762009
0.0414542058
0.0457596380
0.0250579009
0.0238936401
0.0476840381
0.0830104566
0.0257428800
0.2406672775
0.0879544992
0.0037106890
0.0066538710
0.0088589016
0.0211556840
0.0139944019
0.0491087856
0.2212417762
0.2273233296
0.0330604978
0.0934582186
0.3354771308
0.1372482584
0.0150157963
0.0254850372
0.0049012856
0.1305053570
0.0053261476
0.1022679209
0.1630571112
0.0494776504
0.0210501756
0.1563716580
0.1152231653
0.0950382335
0.1605073969
0.0731975710
0.0359689999
0.0995738985
0.0005825895
0.0117126011
0.0388251343
0.0245268730
0.0157711982
0.1146555766
0.0657027919
0.1886084362
0.0339198894
0.1508569904
0.0993886563
0.0835855010
0.0339937699
0.0014902690
0.0909704775
0.0502841059
0.0760981745
0.1682040947
0.4044524039
0.0278728656
0.0825937718
0.1351736570
0.0347192860
0.0914685014
0.2504727240
0.1842108912
0.2674825713
0.0885741749
0.0588292305
0.1138669477
0.0632998033
0.0450470250
0.2199457700
0.0113568730
0.0546018199
0.1289384997
0.0180532043
0.0963965824
0.1090068748
0.1695999133
0.1116523964
0.1171826592
0.0720916190
0.2057954797
0.0414044122
0.0466924599
0.0499334276
0.0684814935
0.0444250226
0.0459873884
0.0066078861
0.0021284428
0.0962364992
0.1152385488
0.1477837641
0.0488390642
0.0273818403
0.1927008585
0.0725276461
0.0750230144
0.1397288093
0.1003043246
0.0970384319
0.1662900541
0.1056676111
0.0026570539
0.2131280933
0.2717245098
0.2765878268
0.1996731839
0.0481342903
0.0223562925
0.0110768208
0.0169452578
0.0437619102
0.0104045120
0.0421044398
0.0065137270
0.0865122461
0.1378123665
0.0041191945
0.0782390418
0.0350034092
0.0583008828
0.1797686209
0.1188314248
0.0421168706
0.0929165117
0.0365819203
0.0494804084
0.0380300186
0.0491454663
0.0748144209
0.0197385687
0.0512147809
0.0539106719
0.0896123057
0.0833475419
0.0476608383
0.0643975224
0.0761180025
0.0510788848
0.0304416078
0.0455777000
0.0675823447
0.1168982588
0.1776250018
0.0197801027
0.1026940724
0.0370259036
0.0813549723
0.0753221376
0.0149114695
0.0634165522
0.0163001692
0.0006418832
0.0014940533
0.0682065395
0.0252485449
0.0084895588
0.0104465436
0.0082986173
0.0343264983
0.0598099446
0.1032067071
0.1891459604
0.1413433187
0.0220023819
0.0381832586
0.0989642374
0.0461345167
0.0647947397
0.0000849033
0.1608333321
0.0022738231
0.0325525687
0.0779425543
0.1121655488
0.0525964396
0.0293196762
0.0198526418
0.0483147311
0.0638075522
0.0585730079
0.1182127165
0.1158126648
0.1127517809
0.0643756562
0.0114270589
0.0168199762
0.0779869801
0.0157556342
0.0351869245
0.0095629716
0.0697811207
0.1456385633
0.1201169970
0.0504109965
0.0071968989
0.0578873416
0.0565402481
0.0323062790
0.0217848690
0.0288186750
0.0249189772
0.0262859365
0.0677431064
0.1254866947
0.1590453394
0.0550334296
0.0996899130
0.3334802998
0.0724187427
0.1079872694
0.0168884137
0.0911392273
0.1942986253
0.0143376087
0.0627257618
0.0746387042
0.0705999561
0.0382706562
0.2300029208
0.1416623460
0.0849278679
0.0403568801
0.0515185907
0.0299482555
0.0318166267
0.0155186504
0.0180668465
0.0246614314
0.0467225414
0.0062374873
0.1351376707
0.0540318025
0.0938167844
0.0634364435
0.1256286201
0.1460924031
0.0000210668
0.0794039088
0.0117544184
0.0774241679
0.1205456541
0.0589864245
0.0784062606
0.1067937160
0.0440958282
0.0295402865
0.0834156452
0.0129137809
0.0008001370
0.0173085462
0.0167954972
0.0201231860
0.0064212936
0.1400307207
0.0465159942
0.2234270799
0.2192659432
0.2208641427
0.0513138529
0.0109435164
0.1220046493
0.0504362709
0.0759026952
0.1415165068
0.0480388828
0.0075963202
0.0132415633
0.0079002852
0.0044926211
0.0043028112
0.0151044959
0.0100182645
0.0038312743
0.0085681324
0.0161727597
0.0071118337
0.0083020772
0.0036019637
0.0073001245
0.0382201499
0.0248938628
0.0272005494
0.0131745165
0.0860134482
0.0469194780
0.0557686207
0.0286625405
0.0105114966
0.0150269502
0.0216059409
0.0596548151
0.0422362657
0.0507909674
0.1280202112
0.0013381248
0.1099606429
0.1320433299
0.2852619348
0.0419702473
0.0132382047
0.0697364131
0.0084560700
0.1034802406
0.0969706923
0.1278621223
0.0554907845
0.0362239180
0.0653854609
0.0780331560
0.1285777936
0.0098802225
0.0150083546
0.0129148244
0.1452130352
0.1650092210
0.2185216768
0.1248295290
0.0541607056
0.0045282931
0.0438712409
0.0623788563
0.0533091357
0.0399747288
0.0440833747
0.0342037960
0.0319429617
0.1057015507
0.1147351049
0.0198406553
0.0753019216
0.0214006934
0.0350612401
0.0057014529
0.0042815260
0.0111499124
0.0162327479
0.0351704565
0.0421979775
0.0589904976
0.0584877909
0.0524022509
0.2284320160
0.0022341452
0.0495945914
0.0644798463
0.0321351252
0.1165393788
0.0357503310
0.0564128031
0.0143831162
0.0943763142
0.0006142643
0.0088050342
0.0031295762
0.0020306895
0.1227987831
0.0058557082
0.0394439185
0.2159430145
0.0243287319
0.0226298688
0.0071562654
0.0045141889
0.0062759073
0.1515030997
0.1161452892
0.0878336674
0.0665907507
0.0092646932
0.0136774603
0.0275896456
0.0840644254
0.0544159471
0.0297750433
0.2541666998
0.0807256485
0.0211050945
0.0180416774
0.0103510490
0.0271987080
0.0205753238
0.0171891319
0.0167275965
0.0116784658
0.0018424840
0.0023157614
0.0062904054
0.0625716333
0.1363716902
0.1702471763
0.0915839439
0.0422222220
0.0069586753
0.0631932888
0.0116020944
0.1494582551
0.0186610829
0.0794769978
0.0420051392
0.0001639753
0.0178792512
0.1116181231
0.0658071557
0.0091839965
0.0382027253
0.0377136481
0.0285539122
0.0361052332
0.0212813551
0.0035607897
0.0091615546
0.0150253923
0.0466758169
0.1562217175
0.0656416461
0.1530231411
0.0025405258
0.3695526210
0.0042819072
0.0478229751
0.0694354814
0.0780735122
0.0590124930
0.0160561266
0.2091762203
0.0365478461
0.0201571877
0.0090189104
0.0078185285
0.0205644078
0.0086478590
0.0409139011
0.0938146298
0.0621647458
0.0100466698
0.0015986270
0.0012195351
0.0100209442
0.0740032625
0.0395778859
0.0249595647
0.0255993222
0.0345164035
0.0050912946
0.0099328254
0.0154363024
0.0332543163
0.0871668723
0.0341820319
0.0516647251
0.0167980119
0.0251009801
0.0259568197
0.0677838999
0.0365762807
0.0465787517
0.2554957148
0.2011979675
0.0157774170
0.0002641667
0.0147146130
0.0477123531
0.0579209377
0.1359065316
0.0120142436
0.0110542356
0.0265417643
0.0618542598
0.1450532527
0.0191261834
0.0135096137
0.0571727932
0.0092848109
0.0240740535
0.0377831836
0.0656326996
0.0297778400
0.0248052408
0.0226689445
0.0254521843
0.0141268152
0.0258556038
0.0068789872
0.0134481853
0.0295189893
0.0849428564
0.1050676400
0.0159295419
0.1106204605
0.0933428655
0.1636893231
0.1602645596
0.1929178728
0.0829100679
0.0723973013
0.2426110936
0.1552103565
0.0802149657
0.0314330241
0.1029273189
0.0674865972
0.1489741343
0.0685144002
0.2596892755
0.0771677391
0.2113948408
0.1932753442
0.0716680931
0.0459013569
0.0550303310
0.1027652003
0.0868809663
0.1367068697
0.0651390454
0.0037477940
0.0969413433
0.1524777030
0.1049918355
0.2427799860
0.0017775949
0.1891173326
0.1258958217
0.2178409297
0.0189869313
0.1024488333
0.1949526817
0.0451123769
0.0013440655
0.3324426028
0.0196877413
0.2666221321
0.0522412702
0.0395135157
0.0360597344
0.0785840888
0.1021632151
0.0612889564
0.0356221876
0.1401799931
0.1151776607
0.1954975713
0.0253298425
0.0091047410
0.0483609037
0.3449545279
0.0209134323
0.3270026803
0.1417035679
0.1753914298
0.1475632206
0.1583929081
0.0004024085
0.1495184887
0.0577008673
0.0289877754
0.1775427056
0.2358285591
0.1190463976
0.0016797533
0.1748378270
0.0288551359
0.4092107622
0.0855354971
0.0420461228
0.0718303719
0.0343485601
0.0310413402
0.0080231683
0.0269347979
0.0526420190
0.0166541387
0.0550581292
0.1227111988
0.2150263440
0.0692638032
0.0468589428
0.0098112579
0.0111083529
0.0141589321
0.0137249658
0.0426250346
0.0152643399
0.0189471051
0.0451927611
0.0950866193
0.0680192306
0.0527193851
0.2201791314
0.0254394072
0.0017576038
0.0002830896
0.0198482092
0.0249938280
0.0481531576
0.0864538073
0.0536526241
0.0382154401
0.2198522281
0.1943219072
0.1346484508
0.0616296143
0.0296533087
0.0040988722
0.0326863390
0.1190089869
0.0019300105
0.0699856960
0.0249317280
0.0324760815
0.0129760888
0.0028734951
0.0049838507
0.0043233747
0.0025780035
0.0021948416
0.0034046431
0.0932773610
0.1389538137
0.0155904252
0.0611975574
0.0837474871
0.1603897365
0.0224620892
0.1446255705
0.0858693033
0.1174969689
0.0271321555
0.0127684547
0.0040898831
0.0094499953
0.0535829343
0.0714496282
0.0077611811
0.0400883379
0.0326936135
0.0018823010
0.0347193236
0.0138923810
0.0132442068
0.0146635881
0.0414712943
0.1511434731
0.1586839297
0.0261652720
0.0505403158
0.0289697504
0.0098652487
0.0132713094
0.0307645295
0.0265864268
0.1086114152
0.0047128301
0.0033505829
0.0031770510
0.0090724646
0.0403036650
0.0829497542
0.0603775983
0.1322175704
0.0010446056
0.0451423615
0.0524479301
0.1852471737
0.1283588131
0.0513944072
0.0356456887
0.0088134359
0.0182622906
0.0080987498
0.0236491027
0.0187606147
0.0589017984
0.0182892999
0.0096052739
0.0148388864
0.0252341932
0.0518308740
0.0633613517
0.0621463783
0.2216520221
0.0001419008
0.3382165185
0.0262738021
0.1721532998
0.0176944762
0.1502094141
0.0678423295
0.0400195791
0.0359054113
0.0331344487
0.0454286629
0.0782853473
0.0197058258
0.0450257695
0.0621416949
0.0798139059
0.1611432276
0.0419152820
0.0193838775
0.0201620878
0.0257462629
0.0202405425
0.0007913392
0.0473578691
0.0515977458
0.1017714454
0.1225833414
0.0397700878
0.1406141654
0.0860038653
0.0956602959
0.0838276089
0.3109983416
0.0075966914
0.0974115689
0.0476046264
0.0477231397
0.1886681346
0.0212299893
0.0866524803
0.0738207432
0.1460462234
0.0603336976
0.0246402646
0.0214075217
0.0613517344
0.0096832377
0.0075595850
0.0185779649
0.0626394639
0.2642248721
0.0625932050
0.1157162636
0.0340473543
0.0488091883
0.2029662608
0.3231800394
0.0233668967
0.0740503671
0.0640676436
0.0040053697
0.0227065721
0.1204534055
0.1295526260
0.0571765410
0.0370490545
0.0376557368
0.0470278738
0.0073225177
0.0125839220
0.0015342177
0.0307322757
0.2504482368
0.0524665572
0.2538034818
0.0702911403
0.0229439626
0.0190680280
0.0540936326
0.0088583250
0.0238414506
0.1978959974
0.1192392704
0.0207658696
0.1063053465
0.0128083025
0.0283389675
0.0529200563
0.0572471049
0.0765203374
0.0746189636
0.0495728514
0.1179391065
0.0883963179
0.0129697605
0.0034135001
0.0708150697
0.0001729531
0.1454541436
0.1264604486
0.1496564852
0.1377541502
0.0915812754
0.0951553438
0.0166301311
0.0297852713
0.0379536079
0.1474904631
0.0112407077
0.0100698356
0.2960501367
0.0887586931
0.0729230856
0.0152664912
0.1942949142
0.0015736297
0.0242499993
0.1496088919
0.2049653355
0.3006165686
0.0520113980
0.2568817630
0.0230389021
0.0003836393
0.0068556647
0.2122663483
0.0376040219
0.0007860746
0.0055681869
0.0610506069
0.0004518705
0.0223366342
0.0200857912
0.3724638199
0.0083302732
0.1032088087
0.0762461410
0.0646051094
0.1148273365
0.2796428973
0.0200560846
0.1115559924
0.0119861854
0.2087187061
0.1288251523
0.0614413982
0.0400334597
0.1648386393
0.0255222300
0.0211354664
0.0280612467
0.1025949405
0.0648155993
0.0856293774
0.3094892553
0.0435364982
0.0333360617
0.0274835000
0.0294879943
0.0253503848
0.0812865488
0.0380101512
0.0384057927
0.0436972214
0.0179316362
0.0791940941
0.1721129337
0.1804389064
0.0100452940
0.1667737598
0.1503559283
0.0745491304
0.0612308912
0.1285913497
0.0305497736
0.0034229888
0.0045616694
0.0114663424
0.0805917548
0.1336784659
0.0309572933
0.0392335520
0.0043450547
0.0792802684
0.0679805042
0.0610109351
0.0651508758
0.0244139729
0.0426327641
0.0336956410
0.0388740190
0.0053543645
0.0282575564
0.0145304805
0.0133621439
0.0282348140
0.2023983520
0.0103303963
0.0319118408
0.0374402594
0.1984380003
0.1472067210
0.0462883693
0.0169510527
0.0017959117
0.0300839465
0.0133279488
0.0231280606
0.0137022934
0.0785671891
0.0071989747
0.0079625946
0.0097440502
0.0173108649
0.0784790326
0.2455852827
0.0053978582
0.1358149039
0.1067933595
0.0108885824
0.2052162658
0.1101123858
0.2366254898
0.0060477844
0.1190017547
0.0459378579
0.0176344050
0.0680668917
0.0059726929
0.0130958043
0.1296829949
0.2438801689
0.0098804443
0.0070966353
0.0630959191
0.0377708271
0.0174009126
0.0389923147
0.0502077786
0.0374116794
0.2006850417
0.0697453597
0.0107359960
0.0814613724
0.0668960734
0.0297680983
0.0914494823
0.0500974121
0.0190202950
0.0040778677
0.2247550052
0.1335548171
0.0193689489
0.0054557454
0.0059998379
0.0098773343
0.2700667187
0.0343382620
0.0498976237
0.1202899200
0.0260981052
0.0260895026
0.0197402279
0.0171009950
0.0118170600
0.0026792761
0.0348647789
0.0180000113
0.1376505451
0.1120152922
0.0935627612
0.2322663790
0.0428177248
0.0570150490
0.0087869153
0.1601925662
0.0626316665
0.2295045838
0.0417313694
0.1605207055
0.1275694350
0.0650240155
0.0760706731
0.0301219328
0.0182803723
0.0325529780
0.0389803754
0.0530966449
0.0123217988
0.0027944604
0.0512958406
0.0318998889
0.0960494202
0.0320401743
0.0345890647
0.0101038475
0.0304653195
0.0295062480
0.0193928526
0.0935480496
0.0632805416
0.0479101333
0.0793410958
0.0060187272
0.0299093795
0.0257780651
0.0073841990
0.0022769459
0.0643055177
0.0740829575
0.0641823159
0.0605650156
0.0424484451
0.0162228418
0.0220368869
0.0567475657
0.1040531988
0.0988402031
0.0430115097
0.1478471422
0.2318372166
0.0035667660
0.2015666606
0.2735660348
0.0768858472
0.0002018836
0.0783696679
0.1637997170
0.1443118970
0.1518742381
0.0061336452
0.2921539703
0.0739173533
0.1478630563
0.0370491004
0.1306894411
0.1069431082
0.0002712775
0.0593665714
0.0281382771
0.0584566654
0.1009202486
0.0274358273
0.0140096880
0.1867576937
0.1661341814
0.0550127558
0.2766823172
0.0322253903
0.1480160564
0.3244767629
0.1377054437
0.0041802803
0.0343258317
0.0659617601
0.1050151116
0.0286021130
0.0968746681
0.1149072869
0.1482658039
0.0582283916
0.0339847195
0.0447687036
0.0192071294
0.0116235841
0.0043364324
0.3052886001
0.1133467768
0.0244728458
0.0389401345
0.0021076706
0.0432274553
0.0714192935
0.1888180735
0.1278347334
0.1862162661
0.0280547939
0.2307961649
0.0390491867
0.1200272725
0.0499365450
0.2336225068
0.2813254297
0.2022714304
0.0346149695
0.1152473131
0.0348696190
0.0259818349
0.0066426337
0.0004372313
0.2017364984
0.2579966056
0.0071768944
0.0458647051
0.0248347263
0.0918235997
0.0004938923
0.2631824914
0.0372712775
0.0644020956
0.0938341164
0.0368965599
0.0449923579
0.0448253792
0.0836454787
0.1401653171
0.0571679560
0.0108346903
0.0198555277
0.0830229549
0.0469761840
0.0045257228
0.1457012551
0.0277433267
0.0474289503
0.1119255086
0.0948601785
0.0402346423
0.0364092962
0.1040371195
0.0250828831
0.0695760521
0.0369008023
0.0416030007
0.0353560139
0.0299892694
0.0000107056
0.0571806329
0.0576242076
0.0447427171
0.0147103461
0.0261067904
0.0456224747
0.0267884271
0.0073211443
0.0153446143
0.0338735441
0.0242000568
0.0071220727
0.0086560478
0.0117006450
0.0061180227
0.0241529944
0.1063253685
0.0743555196
0.1315764949
0.1069596253
0.0972683921
0.0697856524
0.0200987902
0.0423482533
0.1577172213
0.0273889299
0.0260334786
0.0062627949
0.0053818747
0.0445380020
0.0896642390
0.0580525793
0.0416570384
0.0038281016
0.1398809143
0.0631159709
0.0276699213
0.0028210497
0.0496658395
0.0134893408
0.0362570740
0.0999206552
0.1582475225
0.1047883551
0.1288710308
0.0166510724
0.1274238309
0.0770588082
0.1668321056
0.0998004973
0.0846164653
0.1240857178
0.0913637258
0.4214882528
0.0868467003
0.2009517363
0.0566534730
0.1736304177
0.1491136982
0.0042983590
0.0347523412
0.1334979051
0.0481791375
0.1751507593
0.0981063971
0.0831642070
0.0457585793
0.0181813609
0.0064862114
0.0396085405
0.0005132556
0.0027958503
0.0058053519
0.0071201415
0.0041455753
0.0104605865
0.0502966562
0.0222405445
0.1482523670
0.0270663747
0.0361598027
0.0352877003
0.0216377662
0.0328799548
0.0593211691
0.0196079434
0.0504098288
0.2156536025
0.0733095275
0.0005472869
0.0538816534
0.0360649067
0.0303351934
0.0483016092
0.0054118456
0.0608399855
0.0868889575
0.0068763645
0.4284992850
0.0182560114
0.0279114953
0.0277548609
0.1338642479
0.0361832223
0.0586446506
0.1654771301
0.4435367123
0.0081233804
0.0842052729
0.0696297242
0.0324780132
0.0497377423
0.0086631997
0.0385692641
0.1333172033
0.0769851198
0.0071672815
0.1284266599
0.0722589809
0.0487280146
0.0748301500
0.0071551429
0.2020573828
0.1039768864
0.1127638209
0.1436292125
0.0947480867
0.0920345417
0.1010817911
0.0942675200
0.0802068006
0.0030376356
0.0055698403
0.0075124362
0.1014461693
0.0011532714
0.1508460604
0.1332368232
0.1059567083
0.0074953633
0.0267286269
0.0254639713
0.0403960311
0.0884463467
0.1006062836
0.1512816238
0.0936128574
0.0422365208
0.1308021992
0.0232908993
0.0001216288
0.0491206523
0.0975661892
0.1758713379
0.1311373795
0.1368744831
0.0315213341
0.0017701643
0.0060749407
0.0770888346
0.1062613946
0.0915622536
0.0461134484
0.0328139816
0.0282197128
0.0082816202
0.0160710882
0.0433708655
0.0161072227
0.0126244039
0.0171372090
0.1645873782
0.0186035857
0.0377140002
0.0134345282
0.0157426936
0.0350425007
0.0373930550
0.0429869565
0.0648430735
0.1238277775
0.1820179436
0.1148447248
0.0095495722
0.0583512977
0.1511601893
0.0593524209
0.0364387683
0.0269899217
0.0165750001
0.1234639008
0.0475404086
0.0649488671
0.0021648799
0.1074816439
0.0009980442
0.1025943616
0.1038326352
0.1885452883
0.0177366223
0.0148710381
0.0420867941
0.1001924980
0.1537669888
0.0934201005
0.0432982133
0.0017683230
0.1962314614
0.0069404575
0.1112821694
0.2084401006
0.1391763090
0.2493015880
0.0454255210
0.0614979839
0.2292810986
0.3129848699
0.0503352061
0.1070946662
0.1364195511
0.2635260852
0.0161566262
0.2015680877
0.2737877128
0.0791912436
0.0045349074
0.0518533068
0.2795486037
0.1328428292
0.0912330555
0.0042240836
0.2581951165
0.0428287680
0.0303475640
0.0439312228
0.0321618693
0.0599385563
0.0166681576
0.1283252663
0.0641058446
0.0378777430
0.0413117426
0.0621625322
0.0975430917
0.0119511145
0.3520817690
0.1556651267
0.0146850483
0.0722178220
0.0409631975
0.0039290399
0.0825395237
0.1046536675
0.1497489689
0.2559740359
0.0697508034
0.1227072048
0.2389828457
0.1757605770
0.0059989193
0.1880782503
0.0453898712
0.0333592557
0.0286402752
0.0652422991
0.0010926218
0.0975587774
0.1537670280
0.1347228889
0.2360118359
0.1035979082
0.0970892678
0.0231951214
0.1153967525
0.0409800140
0.0916518900
0.0073875776
0.3342348506
0.0630470307
0.0000675839
0.0275004477
0.0917320686
0.0012298249
0.0001623071
0.0004376532
